-0.348419 
0.152352 
1.375457 
1.247763 
0.638845 
-0.499009 
0.790982 
-0.171619 
-0.092337 
-0.121636 
-0.227999 
0.049382 
-0.000507 
0.819443 
-0.144535 
-0.094018 
0.250660 
0.416839 
0.757031 
0.977525 
-0.660934 
-0.239584 
0.560103 
0.021593 
-0.009497 
0.628380 
-0.138447 
0.140263 
0.308078 
0.468265 
0.295035 
0.628048 
0.075933 
0.101820 
0.832406 
-0.139513 
0.207129 
0.330165 
-0.289669 
-0.376666 
0.192436 
0.414436 
0.269656 
-0.375648 
0.545651 
0.437179 
0.376525 
-0.364094 
0.609071 
0.697145 
-0.101766 
-0.221341 
0.202905 
0.885781 
0.071606 
-0.024193 
-0.158500 
0.152682 
-0.753835 
-0.221000 
0.452665 
-0.344163 
0.006458 
0.012694 
-0.427408 
0.423525 
0.315207 
-0.013826 
0.531804 
0.829593 
-0.508621 
0.679250 
0.052270 
0.573754 
-0.641738 
0.023463 
-0.143448 
-0.218030 
0.466627 
0.513886 
0.594146 
-0.539405 
-0.261742 
0.173982 
-0.347965 
-0.141626 
0.375387 
-0.680931 
-0.052434 
-0.492773 
-0.301956 
-0.138583 
-0.574115 
0.215057 
0.244012 
-0.035977 
-0.307954 
0.264710 
0.256783 
0.079120 
-0.319345 
-0.741248 
-0.206151 
0.325867 
0.295372 
-0.230534 
0.351149 
-0.424152 
-0.133554 
-0.212166 
-0.079984 
-0.113567 
0.314150 
0.439774 
0.061977 
0.222799 
0.035255 
-0.090712 
0.156991 
0.135304 
-1.208744 
0.225947 
-0.135344 
0.856113 
-0.364258 
0.135196 
-0.083855 
0.825282 
-0.693930 
0.010720 
0.142111 
-0.079189 
0.278755 
-0.001130 
0.924039 
0.058138 
-0.241509 
0.947407 
0.022683 
0.364965 
0.064988 
0.452765 
0.415073 
-0.167825 
-0.032729 
-0.069094 
-0.486863 
0.352092 
-0.865713 
0.098709 
0.165593 
0.044279 
-0.058439 
0.177150 
-1.835145 
-0.203560 
0.091937 
0.353919 
-0.477062 
0.584614 
-0.367824 
0.230407 
-0.018863 
-0.761583 
0.522656 
-0.283389 
-0.048414 
0.529294 
0.250799 
-0.451641 
-0.466264 
-0.161127 
-0.263528 
-0.189114 
0.200981 
-0.135252 
-0.010509 
0.526420 
-0.576453 
1.157125 
1.047798 
0.087915 
-0.404462 
-0.248158 
-0.039006 
0.885423 
0.163373 
-0.157958 
-0.070383 
-0.154551 
-0.370874 
-0.233664 
0.038702 
0.078343 
-0.872214 
0.864031 
0.275322 
-0.513804 
0.018221 
0.479444 
0.092811 
0.331199 
-1.618670 
0.812545 
-0.059762 
0.336533 
0.916691 
0.885482 
-0.541935 
0.248375 
0.575639 
-0.147763 
0.737506 
-0.066457 
0.088827 
0.150583 
0.022029 
-0.848224 
-0.212464 
-0.016639 
-0.454631 
-0.015792 
-0.069575 
-0.198753 
0.050281 
0.278621 
0.660664 
0.287032 
-0.660603 
0.013956 
0.093056 
0.186227 
-0.391204 
-0.441399 
-0.295547 
-0.561494 
-0.470438 
-0.201867 
0.823211 
0.281079 
-0.507717 
-0.313228 
-0.116504 
0.142759 
-0.208138 
-0.635106 
-0.173140 
1.033303 
-0.040772 
0.561743 
0.247480 
-0.169257 
-0.100199 
0.108249 
0.033990 
-1.240167 
-0.279761 
-0.036211 
-0.203962 
-0.077569 
0.077421 
-0.655539 
-0.146189 
0.067527 
0.286605 
-0.218504 
-0.309923 
-2.034712 
0.833889 
-0.186261 
0.251033 
-0.284894 
-0.207406 
-0.935085 
0.864888 
-0.316063 
0.008524 
-0.033961 
0.562193 
-0.663073 
0.550613 
0.235188 
-0.123605 
0.118736 
0.267524 
0.513160 
-1.083725 
0.303153 
-0.173679 
0.524794 
-0.125846 
-0.028614 
0.264584 
0.291504 
0.047273 
-0.235149 
-0.055404 
-0.389147 
0.064835 
0.062086 
0.011284 
0.169754 
0.300542 
0.180796 
-0.201063 
0.113819 
0.189559 
0.787728 
0.602170 
0.349773 
0.137036 
-0.093529 
-0.670993 
-0.328074 
0.609134 
-0.154354 
0.534601 
-0.862523 
0.188367 
-0.162669 
0.094874 
-0.008829 
-1.436720 
-0.319863 
0.515412 
0.627856 
1.060782 
-0.095837 
-0.731467 
0.975984 
0.524468 
0.037408 
-0.004038 
-0.389242 
-1.016918 
-0.704962 
0.289802 
-0.153959 
-0.063033 
0.138077 
0.359040 
0.547586 
0.104047 
-0.066397 
-0.140483 
0.106853 
0.206623 
0.296539 
0.352177 
0.556575 
0.037455 
0.383623 
-0.528084 
-0.277192 
0.590400 
-0.754328 
0.818336 
0.450683 
0.473646 
0.038748 
-0.018769 
-0.012572 
0.189952 
-0.135142 
-0.084243 
0.033485 
-0.451476 
-0.443843 
0.033386 
-0.045594 
0.067181 
-0.400147 
-0.015636 
-0.139514 
0.464151 
1.196470 
-0.163692 
0.088126 
0.968711 
0.485297 
-0.622239 
-0.142045 
-0.446220 
0.435619 
0.421171 
-0.049098 
-0.375658 
-0.176419 
-0.380514 
-0.373664 
-0.159668 
-0.319808 
-0.373022 
0.670748 
-0.221548 
-0.405828 
0.142029 
-0.834055 
0.341510 
0.258273 
-0.135227 
1.951595 
-0.407316 
0.327697 
-0.378705 
0.001492 
0.009044 
0.146743 
0.093912 
0.306940 
0.007310 
-0.024439 
0.362352 
0.989822 
0.029101 
-0.660352 
0.836432 
-0.441601 
0.395953 
-0.305268 
0.090460 
-0.338102 
0.084107 
0.527227 
0.871623 
-0.182220 
-0.081777 
-0.920157 
0.380701 
0.264783 
0.071719 
0.316943 
-0.196885 
-0.247634 
-0.135075 
-0.345366 
0.213403 
-0.060969 
0.044850 
-0.130904 
-0.410380 
0.085426 
-0.032802 
0.040843 
0.004098 
1.344745 
0.116523 
0.181115 
-0.368595 
-0.056383 
-0.495083 
-0.234573 
-0.202371 
0.189309 
0.021390 
0.141482 
0.039724 
0.252368 
-0.527155 
0.128232 
0.367711 
0.193877 
0.640900 
0.049793 
0.136689 
0.262407 
-0.982756 
0.051685 
-0.079216 
-0.966325 
-0.186005 
-0.058828 
-0.047488 
-0.169497 
0.568394 
-1.134834 
0.288491 
-1.236615 
1.177834 
0.574681 
0.449642 
0.054992 
0.208456 
-0.111541 
-0.690295 
0.048599 
0.101273 
-0.432827 
0.002879 
1.346569 
-0.115908 
1.092569 
0.516474 
0.368282 
0.468503 
