67.454208
78.404933
78.768884
88.513054
96.971441
95.800035
92.777598
83.454116
70.784806
77.340200
73.806243
55.657128
50.613825
54.733955
44.585478
42.261568
43.026892
51.185421
63.382797
62.999761
63.320722
66.775831
69.178294
70.228976
65.109834
63.613150
56.738009
60.751927
59.596954
58.808318
59.627061
54.356124
52.538378
48.336836
45.805140
39.465124
39.377772
32.100883
27.101219
23.454034
21.025066
20.964730
18.530664
13.352187
10.891874
7.346419
4.867317
1.644951
0.885589
0.005351
0.000000
