13.623348
13.142288
11.697247
11.201968
11.660821
11.187285
11.147380
10.257247
10.695650
10.706109
11.508576
10.159227
9.721803
9.619204
10.169417
9.135117
10.081026
9.675970
10.504309
10.798842
9.080254
8.321999
9.877499
9.900930
10.022707
9.990613
9.205660
8.578205
8.633705
7.474990
7.408086
7.497918
6.764427
8.477992
8.946977
10.230161
10.508098
10.416421
10.728075
10.784395
10.013778
8.959680
9.921296
10.463490
12.142828
11.902021
11.413920
12.959134
13.349004
13.787608
13.967961
14.075984
14.440822
14.576482
14.840643
14.789532
15.093078
14.518654
13.582025
13.961614
13.719392
13.623348
13.142288
11.697247
11.201968
11.660821
11.187285
11.147380
10.257247
10.695650
10.706109
11.508576
10.159227
9.721803
9.619204
10.169417
9.135117
10.081026
9.675970
10.504309
10.798842
9.080254
8.321999
9.877499
9.900930
10.022707
9.990613
9.205660
8.578205
8.633705
7.474990
7.408086
7.497918
6.764427
8.477992
8.946977
10.230161
10.508098
10.416421
10.728075
10.784395
10.013778
8.959680
9.921296
10.463490
12.142828
11.902021
11.413920
12.959134
13.349004
13.787608
13.967961
14.075984
14.440822
14.576482
14.840643
14.789532
15.093078
14.518654
13.582025
13.961614
13.719392
